0.00
0.00
0.00
0.00
2099.58
1439.71
1439.71
2339.53
2699.46
3179.36
3479.30
4079.18
4319.14
4439.11
4799.04
5218.96
5398.92
5578.88
5758.85
5998.80
5998.80
6118.78
6418.72
6598.68
6838.63
6958.61
7138.57
7378.52
7378.52
7438.51
7498.50
7498.50
7798.44
7978.40
8098.38
8098.38
8338.33
8338.33
8398.32
8338.33
8458.31
8578.28
8758.25
8758.25
8878.22
9058.19
8938.21
8878.22
8878.22
9058.19
9238.15
9238.15
9478.10
9358.13
9358.13
9298.14
9358.13
9478.10
9538.09
9538.09
9838.03
9598.08
9598.08
9538.09
9778.04
9898.02
9838.03
10018.00
9958.01
9838.03
9718.06
9898.02
10077.98
10018.00
10077.98
10197.96
10018.00
9958.01
9958.01
10077.98
10137.97
10137.97
10317.94
10137.97
10077.98
10077.98
10197.96
10257.95
10137.97
10497.90
10257.95
10197.96
10197.96
10317.94
10377.92
10317.94
10557.89
10317.94
10257.95
10257.95
10377.92
10437.91
10497.90
10617.88
10377.92
10317.94
10257.95
10497.90
10497.90
10497.90
10677.86
10437.91
10257.95
10437.91
10557.89
10557.89
10677.86
10557.89
10557.89
10317.94
10437.91
10617.88
10557.89
10677.86
10617.88
10557.89
10377.92
10497.90
10677.86
10557.89
10797.84
10497.90
10557.89
10377.92
10617.88
10617.88
10557.89
10857.83
10557.89
10497.90
10497.90
10617.88
10617.88
10677.86
10797.84
10617.88
10497.90
10557.89
10677.86
10617.88
10797.84
10677.86
10617.88
10377.92
10557.89
10737.85
10617.88
10797.84
10677.86
10557.89
10437.91
10617.88
10737.85
10617.88
10857.83
10557.89
10497.90
10497.90
10617.88
10677.86
10737.85
10857.83
10617.88
10497.90
10557.89
10677.86
10677.86
10737.85
10677.86
10617.88
10377.92
10617.88
10797.84
10677.86
10857.83
10677.86
10617.88
10437.91
10617.88
10797.84
10617.88
10857.83
10557.89
10617.88
10557.89
10617.88
10677.86
10617.88
10857.83
10617.88
10557.89
10617.88
10737.85
10677.86
10737.85
10677.86
10677.86
10437.91
10557.89
10797.84
10677.86
10857.83
10677.86
10617.88
10437.91
10617.88
10797.84
10617.88
10917.82
10617.88
10557.89
10557.89
10677.86
10677.86
10797.84
10857.83
10677.86
10557.89
10617.88
10737.85
10737.85
11037.79
10737.85
10677.86
10437.91
10617.88
10797.84
10677.86
10857.83
10617.88
10617.88
10497.90
10617.88
10677.86
10617.88
10917.82
10557.89
10557.89
10557.89
10677.86
10677.86
10737.85
10857.83
10677.86
10437.91
10617.88
10737.85
10737.85
10857.83
10737.85
10677.86
10437.91
10617.88
10797.84
10677.86
10917.82
10617.88
10617.88
10437.91
10677.86
10677.86
10677.86
10917.82
10617.88
10557.89
10557.89
10677.86
10737.85
10737.85
10857.83
10617.88
10437.91
10617.88
10797.84
10677.86
10857.83
10737.85
10677.86
10497.90
10677.86
10797.84
10677.86
10917.82
10617.88
10617.88
10437.91
10677.86
10677.86
10617.88
10857.83
10677.86
10557.89
10557.89
10737.85
10737.85
10797.84
10857.83
10677.86
10437.91
10617.88
10797.84
10677.86
10857.83
10737.85
10617.88
10437.91
10617.88
10797.84
10677.86
10917.82
10617.88
10617.88
10557.89
10677.86
10737.85
10737.85
10917.82
10677.86
10557.89
10617.88
10797.84
10737.85
10737.85
10737.85
10677.86
10437.91
10557.89
10797.84
10677.86
10857.83
10617.88
10617.88
10437.91
10617.88
10677.86
10617.88
10917.82
10617.88
10557.89
10557.89
10677.86
10737.85
10797.84
10917.82
10677.86
10437.91
10617.88
10797.84
10737.85
10857.83
10737.85
10677.86
10437.91
10617.88
10797.84
10677.86
10857.83
10617.88
10617.88
10497.90
10677.86
10737.85
10797.84
10917.82
10677.86
10557.89
10557.89
10677.86
10737.85
10737.85
10917.82
10677.86
10437.91
10617.88
10737.85
10677.86
10857.83
10737.85
10677.86
10437.91
10617.88
10797.84
10677.86
10917.82
10617.88
10617.88
10557.89
10677.86
10737.85
10617.88
10857.83
10677.86
10557.89
10557.89
10797.84
10737.85
10737.85
10917.82
10677.86
10437.91
10617.88
10797.84
10677.86
10857.83
10737.85
10617.88
10497.90
10677.86
10797.84
10617.88
10917.82
10617.88
10557.89
10557.89
10677.86
10677.86
10797.84
10917.82
10677.86
10557.89
10617.88
10737.85
10737.85
10797.84
10737.85
10677.86
10437.91
10617.88
10797.84
10677.86
10857.83
10617.88
10617.88
10437.91
10677.86
10737.85
10617.88
10917.82
10617.88
10557.89
10557.89
10677.86
10737.85
10737.85
10917.82
10677.86
10437.91
10617.88
10797.84
10737.85
10917.82
10737.85
10677.86
10497.90
10617.88
10797.84
10677.86
10917.82
10617.88
10617.88
10497.90
10677.86
10737.85
10677.86
10857.83
10617.88
10557.89
10557.89
10797.84
10737.85
