0.00
0.00
0.00
2219.56
2219.56
1499.70
1499.70
2339.53
2699.46
3119.38
3359.33
3899.22
4139.17
4319.14
4619.08
4859.03
5158.97
5458.91
5578.88
5758.85
5938.81
6238.75
6418.72
6358.73
6538.69
6658.67
6658.67
6898.62
7018.60
7258.55
7318.54
7438.51
7678.46
7618.48
7678.46
7678.46
7798.44
7978.40
8158.37
8218.36
8338.33
8518.30
8398.32
8458.31
8338.33
8578.28
8638.27
8818.24
8818.24
9058.19
8998.20
8998.20
8878.22
8938.21
9118.18
9238.15
9238.15
9478.10
9358.13
9358.13
9178.16
9418.12
9598.08
9538.09
9598.08
9718.06
9538.09
9478.10
9538.09
9658.07
9778.04
9778.04
9898.02
9838.03
9778.04
9598.08
9778.04
9958.01
9898.02
10077.98
9958.01
9898.02
9718.06
9838.03
10137.97
9958.01
10018.00
10137.97
9958.01
9838.03
9838.03
10018.00
10018.00
10018.00
10257.95
9958.01
9958.01
9838.03
10077.98
10077.98
10018.00
10317.94
10018.00
10018.00
9898.02
10077.98
10197.96
10137.97
10317.94
10137.97
10137.97
10018.00
10197.96
10317.94
10257.95
10437.91
10257.95
10257.95
10077.98
10257.95
10437.91
10317.94
10497.90
10257.95
10257.95
10137.97
10317.94
10497.90
10377.92
10617.88
10317.94
10317.94
10137.97
10377.92
10437.91
10377.92
10617.88
10377.92
10377.92
10197.96
10437.91
10437.91
10377.92
10677.86
10377.92
10317.94
10317.94
10437.91
10497.90
10377.92
10617.88
10437.91
10317.94
10317.94
10437.91
10497.90
10557.89
10677.86
10437.91
10317.94
10377.92
10497.90
10497.90
10497.90
10677.86
10437.91
10197.96
10377.92
10497.90
10497.90
10497.90
10497.90
10437.91
10257.95
10437.91
10557.89
10497.90
10617.88
10497.90
10437.91
10317.94
10437.91
10617.88
10497.90
10677.86
10377.92
10497.90
10257.95
10437.91
10617.88
10437.91
10677.86
10377.92
10377.92
10257.95
10437.91
10497.90
10437.91
10737.85
10377.92
10317.94
10317.94
10437.91
10497.90
10437.91
10677.86
10497.90
10377.92
10317.94
10377.92
10497.90
10497.90
10677.86
10437.91
10377.92
10377.92
10377.92
10497.90
10497.90
10617.88
10437.91
10197.96
10377.92
10497.90
10437.91
10617.88
10497.90
10377.92
10137.97
10377.92
10497.90
10437.91
10617.88
10497.90
10437.91
10197.96
10377.92
10497.90
10437.91
10617.88
10497.90
10377.92
10197.96
10377.92
10437.91
10437.91
10617.88
10317.94
10317.94
10197.96
10377.92
10497.90
10377.92
10617.88
10317.94
10497.90
10197.96
10377.92
10437.91
10317.94
10617.88
10377.92
10317.94
10137.97
10317.94
10377.92
10257.95
10557.89
10257.95
10257.95
10197.96
10317.94
10377.92
10317.94
10557.89
10257.95
10197.96
10197.96
10317.94
10377.92
10257.95
10557.89
10257.95
10257.95
10257.95
10377.92
10437.91
10317.94
10557.89
10377.92
10257.95
10257.95
10437.91
10437.91
10497.90
10617.88
10377.92
10317.94
10317.94
10497.90
10437.91
10437.91
10617.88
10377.92
10317.94
10317.94
10497.90
10437.91
10497.90
10497.90
10377.92
10197.96
10377.92
10497.90
10437.91
10617.88
10497.90
10377.92
10137.97
10377.92
10497.90
10437.91
10617.88
10497.90
10437.91
10197.96
10377.92
10497.90
10437.91
10557.89
10437.91
10377.92
10197.96
10377.92
10497.90
10377.92
10557.89
10257.95
10377.92
10137.97
10377.92
10497.90
10377.92
10617.88
10317.94
10317.94
10137.97
10317.94
10497.90
10317.94
10617.88
10317.94
10317.94
10197.96
10377.92
10377.92
10317.94
10557.89
10257.95
10257.95
10137.97
10377.92
10437.91
10317.94
10617.88
10317.94
10257.95
10197.96
10377.92
10377.92
10257.95
10557.89
10257.95
10197.96
10197.96
10317.94
10377.92
10257.95
10557.89
10317.94
10197.96
10197.96
10317.94
10377.92
10317.94
10557.89
10317.94
10197.96
10197.96
10317.94
10377.92
10377.92
10437.91
10257.95
10197.96
10197.96
10317.94
10377.92
10377.92
10557.89
10257.95
10197.96
10137.97
10317.94
10377.92
10377.92
10497.90
10317.94
10197.96
10197.96
10437.91
10377.92
10377.92
10497.90
10317.94
10197.96
10257.95
10377.92
10377.92
10377.92
10497.90
10317.94
10257.95
10257.95
10437.91
10377.92
10377.92
10497.90
10317.94
10077.98
10257.95
10437.91
10377.92
10437.91
10557.89
10317.94
10077.98
10257.95
10437.91
10377.92
10377.92
10437.91
10317.94
10137.97
10257.95
10437.91
10437.91
10557.89
10437.91
10377.92
10137.97
10317.94
10497.90
10437.91
10617.88
10437.91
10437.91
10197.96
10377.92
10497.90
10437.91
10617.88
10497.90
10377.92
10197.96
10377.92
10557.89
10437.91
10617.88
10377.92
10377.92
10257.95
10437.91
10557.89
10437.91
10677.86
10377.92
10377.92
10257.95
10437.91
